  300 base-pairs
...     1 A-T ...
    0.0000    0.0000    0.0000
    1.0000    0.0000    0.0000
    0.0000    1.0000    0.0000
    0.0000    0.0000    1.0000
...     2 A-T ...
   -0.1528   -0.0693    3.3959
    0.7896    0.6061    0.0960
   -0.6071    0.7943   -0.0223
   -0.0898   -0.0407    0.9951
...     3 A-T ...
   -0.4899   -0.2743    6.7729
    0.3004    0.9475    0.1092
   -0.9476    0.3095   -0.0788
   -0.1085   -0.0798    0.9909
...     4 A-T ...
   -0.8862   -0.4750   10.1437
   -0.2990    0.9542   -0.0008
   -0.9461   -0.2966   -0.1303
   -0.1246   -0.0382    0.9915
...     5 A-T ...
   -1.2876   -0.6237   13.5167
   -0.8190    0.5702   -0.0638
   -0.5628   -0.8200   -0.1039
   -0.1116   -0.0492    0.9925
...     6 A-T ...
   -1.5259   -0.8544   16.9005
   -0.9995   -0.0096   -0.0294
    0.0121   -0.9962   -0.0860
   -0.0285   -0.0863    0.9959
...     7 A-T ...
   -1.5117   -1.1266   20.2895
   -0.8132   -0.5818   -0.0130
    0.5808   -0.8099   -0.0814
    0.0368   -0.0738    0.9966
...     8 A-T ...
   -1.5333   -1.6258   23.6526
   -0.2044   -0.9528   -0.2243
    0.9776   -0.2103    0.0024
   -0.0495   -0.2188    0.9745
...     9 A-T ...
   -1.6258   -2.6022   26.9081
    0.3219   -0.8860   -0.3337
    0.9468    0.2995    0.1182
   -0.0048   -0.3540    0.9352
...    10 A-T ...
   -1.4018   -4.0940   29.9551
    0.8259   -0.4120   -0.3850
    0.5473    0.7500    0.3715
    0.1357   -0.5175    0.8449
...    11 A-T ...
   -1.1233   -5.8049   32.8801
    0.9978    0.0655    0.0047
   -0.0595    0.8708    0.4880
    0.0278   -0.4872    0.8728
...    12 A-T ...
   -1.1752   -7.5557   35.7941
    0.7120    0.5665    0.4150
   -0.6998    0.6214    0.3523
   -0.0584   -0.5412    0.8388
...    13 A-T ...
   -1.2159   -9.1782   38.7818
    0.1278    0.9066    0.4023
   -0.9912    0.1026    0.0836
    0.0345   -0.4094    0.9117
...    14 A-T ...
   -1.1024  -10.3741   41.9625
   -0.3986    0.8731    0.2808
   -0.9166   -0.3899   -0.0886
    0.0321   -0.2927    0.9557
...    15 A-T ...
   -1.2524  -10.9979   45.3014
   -0.7638    0.6438   -0.0461
   -0.6343   -0.7619   -0.1311
   -0.1196   -0.0709    0.9903
...    16 A-T ...
   -1.7378  -11.2094   48.6599
   -0.9811    0.1099   -0.1593
   -0.0997   -0.9925   -0.0707
   -0.1659   -0.0535    0.9847
...    17 A-T ...
   -2.5294  -11.4328   51.9589
   -0.8443   -0.4432   -0.3012
    0.4450   -0.8930    0.0669
   -0.2986   -0.0776    0.9512
...    18 A-T ...
   -3.5841  -11.8015   55.1701
   -0.3948   -0.8794   -0.2662
    0.8607   -0.4554    0.2277
   -0.3214   -0.1392    0.9367
...    19 A-T ...
   -4.6547  -11.9851   58.3919
    0.2825   -0.9514    0.1225
    0.9091    0.3063    0.2822
   -0.3060    0.0316    0.9515
...    20 A-T ...
   -5.8045  -11.8152   61.5871
    0.7650   -0.5437    0.3453
    0.5273    0.8365    0.1489
   -0.3698    0.0682    0.9266
...    21 A-T ...
   -7.0613  -11.5835   64.7378
    0.9292    0.0282    0.3684
   -0.0010    0.9973   -0.0737
   -0.3695    0.0681    0.9267
...    22 A-T ...
   -8.3665  -11.4214   67.8731
    0.7533    0.5802    0.3097
   -0.5236    0.8140   -0.2514
   -0.3980    0.0272    0.9170
...    23 A-T ...
   -9.6785  -11.3311   71.0084
    0.3004    0.9491    0.0945
   -0.8775    0.3139   -0.3626
   -0.3738    0.0260    0.9272
...    24 A-T ...
  -10.9682  -11.1568   74.1495
   -0.0860    0.9893   -0.1182
   -0.9191   -0.1246   -0.3739
   -0.3846    0.0765    0.9199
...    25 A-T ...
  -12.4005  -10.4988   77.1621
   -0.4477    0.7341   -0.5105
   -0.7720   -0.6054   -0.1935
   -0.4511    0.3075    0.8378
...    26 A-T ...
  -13.8077   -9.4922   80.0889
   -0.8580    0.2531   -0.4470
   -0.3502   -0.9248    0.1486
   -0.3758    0.2840    0.8821
...    27 A-T ...
  -15.1285   -8.5262   83.0692
   -0.9143   -0.1837   -0.3611
    0.0573   -0.9410    0.3335
   -0.4010    0.2842    0.8709
...    28 A-T ...
  -16.3479   -7.4502   86.0551
   -0.7139   -0.7000    0.0209
    0.6253   -0.6238    0.4689
   -0.3152    0.3478    0.8830
...    29 A-T ...
  -17.3770   -6.1085   89.0048
   -0.3128   -0.8826    0.3509
    0.9047   -0.1643    0.3932
   -0.2894    0.4405    0.8499
...    30 A-T ...
  -18.4042   -4.5051   91.8215
    0.2231   -0.7859    0.5767
    0.9227    0.3611    0.1351
   -0.3144    0.5020    0.8057
...    31 A-T ...
  -19.4609   -2.7907   94.5609
    0.6330   -0.5235    0.5704
    0.7106    0.6852   -0.1598
   -0.3071    0.5065    0.8057
...    32 A-T ...
  -20.5704   -1.0377   97.2546
    0.8772   -0.1145    0.4664
    0.3337    0.8437   -0.4204
   -0.3453    0.5244    0.7783
...    33 A-T ...
  -21.6743    0.7519   99.9265
    0.9386    0.3086    0.1541
   -0.1633    0.7911   -0.5894
   -0.3038    0.5281    0.7930
...    34 A-T ...
  -22.9919    2.4365  102.5696
    0.5450    0.8227   -0.1619
   -0.6956    0.3359   -0.6350
   -0.4680    0.4587    0.7554
...    35 A-T ...
  -24.4945    4.1706  105.0786
    0.1140    0.8144   -0.5690
   -0.9030   -0.1539   -0.4012
   -0.4143    0.5595    0.7178
...    36 A-T ...
  -25.9569    6.2154  107.3677
   -0.4555    0.4401   -0.7738
   -0.7715   -0.6289    0.0965
   -0.4442    0.6409    0.6260
...    37 A-T ...
  -27.5943    8.4426  109.3472
   -0.7788   -0.1070   -0.6180
   -0.3547   -0.7375    0.5747
   -0.5173    0.6668    0.5364
...    38 A-T ...
  -29.4041   10.6664  111.1746
   -0.7978   -0.5940   -0.1034
    0.2535   -0.4860    0.8364
   -0.5471    0.6411    0.5383
...    39 A-T ...
  -31.2306   12.8989  112.9746
   -0.5890   -0.7302    0.3463
    0.6126   -0.1239    0.7806
   -0.5271    0.6719    0.5203
...    40 A-T ...
  -32.9928   15.2965  114.6196
   -0.2358   -0.6173    0.7506
    0.8284    0.2762    0.4873
   -0.5081    0.7367    0.4462
...    41 A-T ...
  -34.7289   17.9823  115.7740
    0.1672   -0.1647    0.9721
    0.8463    0.5298   -0.0558
   -0.5058    0.8320    0.2280
...    42 A-T ...
  -36.4020   20.8366  116.5572
    0.6454    0.1591    0.7471
    0.5956    0.5075   -0.6227
   -0.4782    0.8469    0.2327
...    43 A-T ...
  -37.8900   23.7528  117.4749
    0.8972    0.2931    0.3304
    0.1963    0.4055   -0.8928
   -0.3957    0.8658    0.3062
...    44 A-T ...
  -38.9433   26.7932  118.5732
    0.8798    0.3365   -0.3357
   -0.4206    0.2224   -0.8796
   -0.2213    0.9151    0.3372
...    45 A-T ...
  -39.8086   29.8432  119.8015
    0.4462    0.4778   -0.7567
   -0.8476   -0.0457   -0.5286
   -0.2871    0.8773    0.3846
...    46 A-T ...
  -40.7833   32.8715  121.0013
   -0.1019    0.3041   -0.9472
   -0.9528   -0.3035    0.0051
   -0.2859    0.9030    0.3207
...    47 A-T ...
  -41.7416   35.9078  122.1941
   -0.6391    0.1262   -0.7587
   -0.7173   -0.4537    0.5288
   -0.2775    0.8822    0.3805
...    48 A-T ...
  -42.4891   38.8662  123.6936
   -0.9552   -0.0071   -0.2958
   -0.2484   -0.5236    0.8149
   -0.1607    0.8519    0.4984
...    49 A-T ...
  -43.0244   41.7749  125.3709
   -0.9267   -0.2971    0.2300
    0.3426   -0.4170    0.8419
   -0.1542    0.8590    0.4882
...    50 A-T ...
  -43.4830   44.7329  126.9833
   -0.6323   -0.4223    0.6495
    0.7661   -0.2158    0.6054
   -0.1155    0.8804    0.4600
...    51 A-T ...
  -43.7759   47.8310  128.3530
   -0.0746   -0.3473    0.9348
    0.9956    0.0270    0.0895
   -0.0564    0.9374    0.3437
...    52 A-T ...
  -43.9632   50.9850  129.6087
    0.6418   -0.2710    0.7174
    0.7650    0.2919   -0.5741
   -0.0538    0.9173    0.3946
...    53 A-T ...
  -44.3796   54.1376  130.8121
    0.9487    0.0930    0.3022
    0.2525    0.3525   -0.9011
   -0.1904    0.9312    0.3110
...    54 A-T ...
  -44.7492   57.3383  131.8979
    0.9608    0.1139   -0.2529
   -0.2761    0.3061   -0.9111
   -0.0263    0.9452    0.3256
...    55 A-T ...
  -44.8343   60.5685  132.9554
    0.6990    0.2278   -0.6779
   -0.7148    0.1911   -0.6727
   -0.0237    0.9548    0.2965
...    56 A-T ...
  -44.9157   63.8510  133.8377
    0.0487    0.2231   -0.9736
   -0.9985   -0.0127   -0.0529
   -0.0242    0.9747    0.2221
...    57 A-T ...
  -45.0200   67.1786  134.5280
   -0.4438    0.1486   -0.8837
   -0.8954   -0.1144    0.4304
   -0.0371    0.9822    0.1839
...    58 A-T ...
  -45.1206   70.5272  135.1082
   -0.8499    0.0644   -0.5230
   -0.5265   -0.1453    0.8377
   -0.0220    0.9873    0.1574
...    59 A-T ...
  -45.0116   73.8828  135.6446
   -0.9775    0.0528    0.2045
    0.1928   -0.1717    0.9661
    0.0861    0.9837    0.1577
...    60 A-T ...
  -44.9104   77.2268  136.2510
   -0.6861   -0.1622    0.7092
    0.7270   -0.1172    0.6765
   -0.0267    0.9798    0.1983
...    61 A-T ...
  -44.8221   80.5950  136.7065
   -0.2232   -0.0496    0.9735
    0.9716   -0.0917    0.2181
    0.0784    0.9946    0.0686
...    62 A-T ...
  -44.5697   83.9855  136.7336
    0.4607    0.0146    0.8875
    0.8848   -0.0862   -0.4579
    0.0698    0.9962   -0.0527
...    63 A-T ...
  -44.3080   87.3680  136.5095
    0.8758   -0.0358    0.4814
    0.4753   -0.1099   -0.8729
    0.0842    0.9933   -0.0792
...    64 A-T ...
  -43.7565   90.7123  136.2417
    0.9558   -0.2488   -0.1564
   -0.1707   -0.0370   -0.9846
    0.2392    0.9678   -0.0779
...    65 A-T ...
  -42.6986   93.9160  135.8213
    0.5884   -0.3787   -0.7144
   -0.7134    0.1728   -0.6791
    0.3806    0.9093   -0.1685
...    66 A-T ...
  -41.3521   96.9312  135.0117
   -0.0151   -0.3294   -0.9441
   -0.9123    0.3909   -0.1218
    0.4092    0.8595   -0.3064
...    67 A-T ...
  -40.0557   99.7743  133.6715
   -0.6024   -0.1976   -0.7733
   -0.7174    0.5588    0.4160
    0.3499    0.8054   -0.4784
...    68 A-T ...
  -38.4846  102.5009  132.3840
   -0.7694    0.3774   -0.5154
   -0.3001    0.4986    0.8132
    0.5639    0.7803   -0.2704
...    69 A-T ...
  -36.5024  105.1220  131.5118
   -0.7944    0.6018   -0.0826
    0.0831    0.2423    0.9666
    0.6017    0.7610   -0.2425
...    70 A-T ...
  -34.3513  107.6182  130.6744
   -0.5343    0.6793    0.5031
    0.5249   -0.2000    0.8274
    0.6626    0.7061   -0.2497
...    71 A-T ...
  -31.9647  109.7617  129.5475
   -0.0710    0.6569    0.7506
    0.6782   -0.5200    0.5193
    0.7315    0.5459   -0.4086
...    72 A-T ...
  -29.4699  111.6435  128.2079
    0.2806    0.2573    0.9247
    0.6162   -0.7869    0.0320
    0.7359    0.5609   -0.3793
...    73 A-T ...
  -26.9055  113.5081  126.9802
    0.5679   -0.3386    0.7503
    0.2858   -0.7737   -0.5655
    0.7719    0.5355   -0.3426
...    74 A-T ...
  -24.1976  115.2873  125.9498
    0.5732   -0.7117    0.4061
    0.0200   -0.4833   -0.8752
    0.8191    0.5098   -0.2628
...    75 A-T ...
  -21.3255  116.8775  125.0652
    0.4424   -0.8967    0.0137
   -0.2245   -0.1255   -0.9664
    0.8682    0.4245   -0.2569
...    76 A-T ...
  -18.2190  117.8752  124.1092
    0.0349   -0.9266   -0.3743
   -0.3365    0.3418   -0.8774
    0.9410    0.1566   -0.2999
...    77 A-T ...
  -15.0483  118.2604  122.9437
   -0.3195   -0.4319   -0.8434
   -0.2247    0.8992   -0.3754
    0.9206    0.0696   -0.3844
...    78 A-T ...
  -11.8262  118.5078  121.8868
   -0.2472    0.2945   -0.9231
   -0.0003    0.9527    0.3040
    0.9690    0.0755   -0.2355
...    79 A-T ...
   -8.4683  118.5808  121.3583
   -0.0143    0.8291   -0.5590
    0.0796    0.5582    0.8259
    0.9967   -0.0327   -0.0739
...    80 A-T ...
   -5.0884  118.7206  121.0165
   -0.1070    0.9921    0.0655
    0.1330   -0.0510    0.9898
    0.9853    0.1147   -0.1265
...    81 A-T ...
   -1.7385  119.1692  120.6464
   -0.0726    0.8234    0.5628
    0.1590   -0.5475    0.8216
    0.9846    0.1491   -0.0912
...    82 A-T ...
    1.6171  119.5846  120.2897
    0.0754    0.3703    0.9258
    0.1320   -0.9240    0.3588
    0.9884    0.0951   -0.1186
...    83 A-T ...
    4.9729  119.8823  119.8317
    0.1647   -0.2123    0.9632
    0.0451   -0.9739   -0.2224
    0.9853    0.0800   -0.1508
...    84 A-T ...
    8.3549  120.0429  119.5210
    0.0301   -0.8059    0.5913
   -0.0170   -0.5919   -0.8058
    0.9994    0.0142   -0.0315
...    85 A-T ...
   11.7377  119.7020  119.5270
   -0.2156   -0.9727    0.0858
    0.0158   -0.0914   -0.9957
    0.9763   -0.2133    0.0350
...    86 A-T ...
   15.0812  119.1276  119.7530
   -0.0585   -0.8619   -0.5037
    0.1467    0.4917   -0.8583
    0.9875   -0.1241    0.0977
...    87 A-T ...
   18.4392  118.6253  119.9308
   -0.0449   -0.2967   -0.9539
    0.1651    0.9395   -0.3000
    0.9852   -0.1710    0.0068
...    88 A-T ...
   21.7745  118.0319  119.6410
   -0.1311    0.2421   -0.9613
    0.2125    0.9540    0.2113
    0.9683   -0.1766   -0.1766
...    89 A-T ...
   25.0353  117.3385  118.9732
   -0.0269    0.6216   -0.7829
    0.3152    0.7485    0.5835
    0.9487   -0.2311   -0.2160
...    90 A-T ...
   28.2341  116.4364  118.2563
    0.2083    0.9042   -0.3728
    0.2973    0.3046    0.9049
    0.9318   -0.2993   -0.2054
...    91 A-T ...
   31.3734  115.3105  117.5950
    0.4003    0.8807    0.2532
    0.0697   -0.3047    0.9499
    0.9137   -0.3626   -0.1834
...    92 A-T ...
   34.4079  113.9587  116.8711
    0.4620    0.5329    0.7089
   -0.1770   -0.7278    0.6625
    0.8690   -0.4316   -0.2419
...    93 A-T ...
   37.4394  112.5569  116.2343
    0.1680    0.0593    0.9840
   -0.3773   -0.9183    0.1198
    0.9107   -0.3913   -0.1319
...    94 A-T ...
   40.5292  111.2646  115.6486
    0.0483   -0.4071    0.9121
   -0.4223   -0.8359   -0.3507
    0.9052   -0.3682   -0.2123
...    95 A-T ...
   43.6081  110.0915  114.8094
   -0.1614   -0.8668    0.4717
   -0.3951   -0.3812   -0.8358
    0.9044   -0.3213   -0.2809
...    96 A-T ...
   46.7454  109.2079  113.8418
   -0.2322   -0.9683   -0.0925
   -0.2597    0.1534   -0.9534
    0.9373   -0.1974   -0.2871
...    97 A-T ...
   49.8367  108.2415  112.8073
   -0.4873   -0.6718   -0.5579
   -0.0084    0.6425   -0.7662
    0.8732   -0.3687   -0.3187
...    98 A-T ...
   52.6698  106.8633  111.5290
   -0.5403   -0.1587   -0.8264
    0.2949    0.8841   -0.3625
    0.7881   -0.4396   -0.4309
...    99 A-T ...
   55.3315  105.3499  110.0508
   -0.2629    0.4006   -0.8777
    0.5712    0.7978    0.1930
    0.7775   -0.4507   -0.4386
...   100 A-T ...
   58.0188  103.6558  108.8390
    0.2020    0.6595   -0.7241
    0.5706    0.5216    0.6343
    0.7960   -0.5413   -0.2710
...   101 A-T ...
   60.7796  101.9190  107.8791
    0.4700    0.8761   -0.1077
    0.3086   -0.0488    0.9499
    0.8269   -0.4797   -0.2933
...   102 A-T ...
   63.6800  100.4154  106.9375
    0.4786    0.6914    0.5412
   -0.0388   -0.5992    0.7997
    0.8772   -0.4037   -0.2599
...   103 A-T ...
   66.6965   99.0663  106.1372
    0.3221    0.2471    0.9139
   -0.3040   -0.8872    0.3470
    0.8966   -0.3896   -0.2106
...   104 A-T ...
   69.7156   97.7292  105.3262
    0.1293   -0.3391    0.9318
   -0.4598   -0.8531   -0.2467
    0.8786   -0.3965   -0.2663
...   105 A-T ...
   72.6931   96.4057  104.3553
   -0.1232   -0.7755    0.6192
   -0.4727   -0.5027   -0.7237
    0.8725   -0.3819   -0.3047
...   106 A-T ...
   75.7508   95.5135  103.1659
   -0.1403   -0.9898    0.0238
   -0.3883    0.0329   -0.9209
    0.9108   -0.1385   -0.3890
...   107 A-T ...
   78.8953   95.1841  101.9154
   -0.2682   -0.7476   -0.6076
   -0.2250    0.6618   -0.7151
    0.9367   -0.0550   -0.3457
...   108 A-T ...
   82.0651   94.9499  100.7082
   -0.3724   -0.1265   -0.9194
    0.0300    0.9885   -0.1481
    0.9276   -0.0827   -0.3643
...   109 A-T ...
   85.1661   94.7045   99.3359
   -0.3381    0.5533   -0.7612
    0.2915    0.8307    0.4743
    0.8948   -0.0615   -0.4422
...   110 A-T ...
   88.2234   94.5038   97.8618
   -0.0743    0.9556   -0.2851
    0.4221    0.2892    0.8592
    0.9035   -0.0565   -0.4249
...   111 A-T ...
   91.2851   94.3796   96.3885
    0.1389    0.9592    0.2463
    0.4195   -0.2823    0.8628
    0.8971   -0.0165   -0.4415
...   112 A-T ...
   94.3303   94.3030   94.8783
    0.3438    0.6830    0.6444
    0.2868   -0.7298    0.6206
    0.8942   -0.0286   -0.4468
...   113 A-T ...
   97.1417   94.0437   92.9839
    0.6553   -0.0592    0.7531
   -0.1312   -0.9907    0.0362
    0.7439   -0.1225   -0.6569
...   114 A-T ...
   99.7366   93.6127   90.8296
    0.4312   -0.5929    0.6801
   -0.4505   -0.7946   -0.4071
    0.7817   -0.1308   -0.6097
...   115 A-T ...
  102.3818   93.1983   88.7341
    0.1070   -0.9464    0.3046
   -0.6239   -0.3025   -0.7206
    0.7742   -0.1129   -0.6228
...   116 A-T ...
  104.9516   92.4494   86.6376
   -0.4569   -0.8864   -0.0743
   -0.5104    0.3297   -0.7942
    0.7285   -0.3249   -0.6031
...   117 A-T ...
  107.2642   91.1578   84.5061
   -0.7773   -0.3059   -0.5497
    0.0399    0.8481   -0.5283
    0.6278   -0.4326   -0.6471
...   118 A-T ...
  109.2543   89.6859   82.1752
   -0.7108    0.2240   -0.6667
    0.4495    0.8737   -0.1857
    0.5409   -0.4317   -0.7218
...   119 A-T ...
  111.2905   88.0079   80.0309
   -0.1574    0.5841   -0.7963
    0.7456    0.5990    0.2920
    0.6476   -0.5477   -0.5298
...   120 A-T ...
  113.5093   86.3456   78.0626
    0.1601    0.8848   -0.4376
    0.7396    0.1860    0.6468
    0.6537   -0.4272   -0.6246
...   121 A-T ...
  115.5306   84.4041   76.1379
    0.7301    0.6618   -0.1703
    0.4446   -0.2708    0.8538
    0.5189   -0.6991   -0.4919
...   122 A-T ...
  117.3720   82.0887   74.4621
    0.8258    0.4635    0.3214
    0.0158   -0.5886    0.8082
    0.5638   -0.6623   -0.4934
...   123 A-T ...
  119.0365   79.7288   72.6676
    0.7850   -0.0308    0.6187
   -0.4630   -0.6928    0.5529
    0.4116   -0.7204   -0.5581
...   124 A-T ...
  120.3083   77.3127   70.6415
    0.4681   -0.4586    0.7554
   -0.8176   -0.5491    0.1733
    0.3353   -0.6987   -0.6319
...   125 A-T ...
  121.4355   74.9630   68.4579
    0.0693   -0.6713    0.7379
   -0.9423   -0.2870   -0.1726
    0.3277   -0.6834   -0.6524
...   126 A-T ...
  122.4628   72.4096   66.4616
   -0.4151   -0.5839    0.6977
   -0.8676    0.0233   -0.4967
    0.2738   -0.8115   -0.5163
...   127 A-T ...
  123.3705   69.6710   64.6627
   -0.7959   -0.4951    0.3484
   -0.5467    0.3406   -0.7649
    0.2601   -0.7993   -0.5418
...   128 A-T ...
  123.7701   66.8087   62.8717
   -0.9953    0.0705   -0.0670
    0.0933    0.4958   -0.8634
   -0.0277   -0.8656   -0.5000
...   129 A-T ...
  123.3615   63.9593   61.0623
   -0.6813    0.5309   -0.5040
    0.7008    0.2741   -0.6586
   -0.2115   -0.8019   -0.5588
...   130 A-T ...
  122.5662   61.3158   59.0776
   -0.2350    0.6582   -0.7153
    0.9377   -0.0403   -0.3451
   -0.2560   -0.7518   -0.6077
...   131 A-T ...
  121.6898   58.8757   56.8780
    0.3183    0.6088   -0.7266
    0.9120   -0.4060    0.0594
   -0.2589   -0.6816   -0.6844
...   132 A-T ...
  120.6849   56.4337   54.7363
    0.6962    0.2151   -0.6849
    0.6372   -0.6245    0.4516
   -0.3306   -0.7508   -0.5718
...   133 A-T ...
  119.3367   53.8758   52.9476
    0.8509   -0.2183   -0.4777
    0.2537   -0.6256    0.7378
   -0.4599   -0.7490   -0.4770
...   134 A-T ...
  117.5868   51.4565   51.3215
    0.7690   -0.6391   -0.0152
   -0.2950   -0.3758    0.8785
   -0.5672   -0.6711   -0.4775
...   135 A-T ...
  115.6603   49.1935   49.6699
    0.4608   -0.7501    0.4744
   -0.6836    0.0408    0.7287
   -0.5660   -0.6601   -0.4940
...   136 A-T ...
  113.7644   46.8091   48.1597
    0.0124   -0.4759    0.8794
   -0.8371    0.4761    0.2694
   -0.5469   -0.7395   -0.3925
...   137 A-T ...
  111.9878   44.4185   46.5201
   -0.5428   -0.2763    0.7931
   -0.6799    0.6989   -0.2219
   -0.4930   -0.6597   -0.5672
...   138 A-T ...
  110.6488   42.2275   44.2915
   -0.9340    0.0118    0.3571
   -0.2119    0.7864   -0.5803
   -0.2876   -0.6176   -0.7320
...   139 A-T ...
  110.0948   40.0164   41.7688
   -0.9296    0.2940   -0.2224
    0.3669    0.6796   -0.6353
   -0.0356   -0.6721   -0.7396
...   140 A-T ...
  110.0446   37.6536   39.3245
   -0.5038    0.6001   -0.6213
    0.8638    0.3551   -0.3575
    0.0061   -0.7168   -0.6973
...   141 A-T ...
  110.0810   35.2228   36.9475
   -0.0521    0.6995   -0.7127
    0.9985    0.0474   -0.0264
    0.0153   -0.7130   -0.7010
...   142 A-T ...
  110.1130   32.7571   34.6067
    0.4987    0.5870   -0.6377
    0.8668   -0.3347    0.3697
    0.0035   -0.7371   -0.6757
...   143 A-T ...
  110.6026   30.5579   32.0604
    0.8970    0.4417    0.0182
    0.3424   -0.7201    0.6035
    0.2797   -0.5350   -0.7972
...   144 A-T ...
  111.5570   28.7069   29.3729
    0.9415    0.0021    0.3370
   -0.1850   -0.8327    0.5219
    0.2817   -0.5537   -0.7836
...   145 A-T ...
  112.6377   26.7675   26.7978
    0.6658   -0.3903    0.6359
   -0.6572   -0.7103    0.2522
    0.3533   -0.5858   -0.7294
...   146 A-T ...
  113.8365   24.8050   24.2935
    0.1656   -0.7441    0.6473
   -0.9213   -0.3509   -0.1677
    0.3519   -0.5685   -0.7436
...   147 A-T ...
  114.9906   22.8335   21.7753
   -0.4699   -0.7787    0.4157
   -0.8200    0.2106   -0.5322
    0.3269   -0.5910   -0.7375
...   148 A-T ...
  115.8450   20.6059   19.3530
   -0.8444   -0.4627    0.2699
   -0.5070    0.5274   -0.6818
    0.1731   -0.7125   -0.6799
...   149 A-T ...
  116.1350   18.1264   17.0447
   -0.9829    0.1261   -0.1341
    0.1841    0.6605   -0.7279
   -0.0032   -0.7401   -0.6725
...   150 A-T ...
  115.9975   15.6496   14.7195
   -0.7222    0.5204   -0.4557
    0.6873    0.4659   -0.5572
   -0.0776   -0.7156   -0.6942
...   151 A-T ...
  115.7833   13.1823   12.3900
   -0.1368    0.6751   -0.7249
    0.9894    0.0574   -0.1333
   -0.0484   -0.7355   -0.6758
...   152 A-T ...
  115.7755   11.1341    9.6762
    0.4549    0.8046   -0.3818
    0.8895   -0.3894    0.2392
    0.0438   -0.4484   -0.8928
...   153 A-T ...
  115.7602    9.4679    6.7125
    0.9262    0.2911   -0.2398
    0.3734   -0.7968    0.4751
   -0.0528   -0.5295   -0.8466
...   154 A-T ...
  115.4272    7.6588    3.8531
    0.9606   -0.2777    0.0131
   -0.2385   -0.7989    0.5522
   -0.1429   -0.5335   -0.8336
...   155 A-T ...
  114.7261    5.9837    0.9786
    0.6678   -0.7243    0.1713
   -0.6943   -0.5232    0.4942
   -0.2683   -0.4490   -0.8523
...   156 A-T ...
  113.8092    4.4888   -1.9342
    0.2301   -0.8975    0.3762
   -0.9347   -0.0962    0.3422
   -0.2710   -0.4303   -0.8610
...   157 A-T ...
  112.8176    3.0039   -4.8276
   -0.2928   -0.7967    0.5286
   -0.9038    0.4111    0.1190
   -0.3121   -0.4429   -0.8405
...   158 A-T ...
  111.5044    1.2570   -7.4322
   -0.6107   -0.3538    0.7084
   -0.6487    0.7366   -0.1913
   -0.4542   -0.5764   -0.6794
...   159 A-T ...
  109.9140   -0.7315   -9.6853
   -0.8652    0.2024    0.4588
   -0.1415    0.7793   -0.6104
   -0.4811   -0.5930   -0.6456
...   160 A-T ...
  108.3223   -2.8039  -11.8605
   -0.7763    0.6272   -0.0620
    0.4362    0.4637   -0.7712
   -0.4549   -0.6258   -0.6336
...   161 A-T ...
  106.6963   -4.8362  -14.0482
   -0.2663    0.8184   -0.5092
    0.8236   -0.0813   -0.5614
   -0.5008   -0.5689   -0.6523
...   162 A-T ...
  105.0055   -6.7298  -16.3099
    0.2048    0.6848   -0.6994
    0.8452   -0.4841   -0.2265
   -0.4936   -0.5448   -0.6779
...   163 A-T ...
  103.1934   -8.7014  -18.4049
    0.6196    0.1217   -0.7754
    0.5409   -0.7821    0.3095
   -0.5688   -0.6112   -0.5504
...   164 A-T ...
  101.1702  -10.7364  -20.2285
    0.7829   -0.4274   -0.4521
    0.0416   -0.6891    0.7235
   -0.6207   -0.5852   -0.5217
...   165 A-T ...
   99.0640  -12.7746  -21.9518
    0.6458   -0.7528    0.1276
   -0.4485   -0.2387    0.8613
   -0.6179   -0.6134   -0.4918
...   166 A-T ...
   96.9156  -14.8091  -23.6266
    0.2431   -0.7691    0.5911
   -0.7240    0.2617    0.6382
   -0.6455   -0.5831   -0.4932
...   167 A-T ...
   94.7648  -16.7241  -25.4341
   -0.2224   -0.5737    0.7883
   -0.7538    0.6139    0.2341
   -0.6183   -0.5422   -0.5690
...   168 A-T ...
   92.5184  -18.6534  -27.1049
   -0.5084    0.0030    0.8611
   -0.5050    0.8089   -0.3010
   -0.6975   -0.5879   -0.4097
...   169 A-T ...
   90.0270  -20.6123  -28.3360
   -0.6155    0.4973    0.6114
   -0.1881    0.6606   -0.7268
   -0.7653   -0.5623   -0.3131
...   170 A-T ...
   87.3172  -22.4050  -29.3375
   -0.5351    0.8370    0.1144
    0.1742    0.2418   -0.9546
   -0.8267   -0.4908   -0.2752
...   171 A-T ...
   84.4412  -23.9620  -30.2672
   -0.2968    0.8640   -0.4066
    0.4070   -0.2707   -0.8724
   -0.8639   -0.4244   -0.2713
...   172 A-T ...
   81.4957  -25.3860  -31.1927
    0.0490    0.4770   -0.8775
    0.4929   -0.7757   -0.3942
   -0.8687   -0.4132   -0.2731
...   173 A-T ...
   78.4925  -26.8142  -31.9004
    0.2481   -0.2050   -0.9468
    0.3733   -0.8816    0.2887
   -0.8939   -0.4251   -0.1422
...   174 A-T ...
   75.4418  -28.2535  -32.3260
    0.3983   -0.6982   -0.5949
    0.1752   -0.5787    0.7965
   -0.9004   -0.4215   -0.1081
...   175 A-T ...
   72.4078  -29.7444  -32.6900
    0.4614   -0.8862   -0.0410
   -0.0752   -0.0851    0.9935
   -0.8840   -0.4553   -0.1059
...   176 A-T ...
   69.2853  -31.0109  -33.1436
    0.1720   -0.8474    0.5023
   -0.2792    0.4470    0.8498
   -0.9447   -0.2864   -0.1598
...   177 A-T ...
   66.0622  -31.8382  -33.8420
   -0.1553   -0.3976    0.9043
   -0.2796    0.8957    0.3457
   -0.9475   -0.1992   -0.2502
...   178 A-T ...
   62.7903  -32.5052  -34.4820
   -0.1757    0.2716    0.9462
   -0.1479    0.9430   -0.2981
   -0.9733   -0.1924   -0.1255
...   179 A-T ...
   59.4628  -33.0938  -34.8576
   -0.1765    0.6986    0.6934
   -0.0400    0.6988   -0.7142
   -0.9835   -0.1538   -0.0954
...   180 A-T ...
   56.1225  -33.6188  -35.2141
   -0.1751    0.9651    0.1946
    0.0801    0.2110   -0.9742
   -0.9813   -0.1550   -0.1142
...   181 A-T ...
   52.7684  -33.9966  -35.6226
    0.0058    0.8629   -0.5053
    0.1425   -0.5009   -0.8537
   -0.9898   -0.0671   -0.1258
...   182 A-T ...
   49.3987  -34.2253  -36.0138
    0.0530    0.5295   -0.8466
    0.1123   -0.8456   -0.5218
   -0.9923   -0.0674   -0.1043
...   183 A-T ...
   46.0104  -34.4774  -36.1401
   -0.0348    0.0581   -0.9977
    0.0786   -0.9951   -0.0607
   -0.9963   -0.0805    0.0301
...   184 A-T ...
   42.6227  -34.7454  -36.0333
    0.0188   -0.5866   -0.8097
    0.0817   -0.8062    0.5860
   -0.9965   -0.0772    0.0328
...   185 A-T ...
   39.2321  -34.8300  -35.7945
   -0.0638   -0.9344   -0.3505
    0.0907   -0.3552    0.9304
   -0.9938    0.0275    0.1074
...   186 A-T ...
   35.8521  -34.9700  -35.4545
    0.1184   -0.9884    0.0954
    0.0806    0.1053    0.9912
   -0.9897   -0.1097    0.0922
...   187 A-T ...
   32.5006  -35.3847  -35.0603
    0.1919   -0.7707    0.6077
    0.0261    0.6230    0.7818
   -0.9811   -0.1341    0.1396
...   188 A-T ...
   29.1563  -35.8201  -34.6286
    0.1506   -0.3521    0.9238
   -0.0725    0.9280    0.3656
   -0.9859   -0.1220    0.1142
...   189 A-T ...
   25.8111  -36.1746  -34.1346
    0.1466    0.2743    0.9504
   -0.1304    0.9578   -0.2563
   -0.9806   -0.0864    0.1762
...   190 A-T ...
   22.5134  -36.3336  -33.3224
    0.1842    0.7760    0.6033
   -0.2371    0.6307   -0.7389
   -0.9539   -0.0069    0.3002
...   191 A-T ...
   19.2884  -36.3152  -32.2457
    0.0201    0.9998    0.0038
   -0.3329    0.0102   -0.9429
   -0.9428    0.0177    0.3330
...   192 A-T ...
   16.0613  -36.0095  -31.2198
   -0.0174    0.8284   -0.5599
   -0.3130   -0.5364   -0.7838
   -0.9496    0.1616    0.2686
...   193 A-T ...
   12.8430  -35.5340  -30.2317
   -0.2415    0.4052   -0.8818
   -0.2306   -0.9066   -0.3535
   -0.9426    0.1180    0.3123
...   194 A-T ...
    9.6969  -35.0760  -29.0267
   -0.4216   -0.2331   -0.8763
   -0.0402   -0.9606    0.2749
   -0.9059    0.1511    0.3957
...   195 A-T ...
    6.6560  -34.5733  -27.5913
   -0.4101   -0.7036   -0.5802
    0.2316   -0.6957    0.6800
   -0.8821    0.1445    0.4483
...   196 A-T ...
    3.8676  -33.6531  -25.8772
   -0.4870   -0.8727   -0.0349
    0.4650   -0.2929    0.8354
   -0.7393    0.3906    0.5485
...   197 A-T ...
    1.3719  -32.2789  -24.0216
   -0.1231   -0.8596    0.4959
    0.6738    0.2944    0.6777
   -0.7286    0.4176    0.5430
...   198 A-T ...
   -1.0660  -31.2127  -21.9051
    0.4622   -0.6100    0.6436
    0.5531    0.7656    0.3285
   -0.6931    0.2042    0.6913
...   199 A-T ...
   -3.3644  -30.4625  -19.5146
    0.7418    0.0436    0.6692
    0.1275    0.9705   -0.2045
   -0.6584    0.2370    0.7144
...   200 A-T ...
   -5.2791  -29.5790  -16.8475
    0.8205    0.4965    0.2831
   -0.3397    0.8220   -0.4572
   -0.4597    0.2789    0.8431
...   201 A-T ...
   -6.9387  -28.7802  -13.9896
    0.4484    0.8908    0.0736
   -0.7304    0.4127   -0.5442
   -0.5151    0.1903    0.8357
...   202 A-T ...
   -8.6422  -27.8484  -11.1985
   -0.0582    0.8986   -0.4348
   -0.8736   -0.2567   -0.4135
   -0.4832    0.3558    0.8000
...   203 A-T ...
  -10.3469  -26.6306   -8.5207
   -0.5624    0.5385   -0.6274
   -0.6434   -0.7616   -0.0770
   -0.5193    0.3604    0.7749
...   204 A-T ...
  -12.3954  -25.3032   -6.1539
   -0.6830   -0.0476   -0.7288
   -0.2735   -0.9086    0.3156
   -0.6773    0.4149    0.6076
...   205 A-T ...
  -14.5414  -23.8143   -3.9772
   -0.8044   -0.4431   -0.3956
    0.1154   -0.7698    0.6277
   -0.5827    0.4593    0.6704
...   206 A-T ...
  -16.5167  -22.2602   -1.6875
   -0.6301   -0.7763   -0.0176
    0.5171   -0.4365    0.7363
   -0.5792    0.4549    0.6764
...   207 A-T ...
  -18.3978  -20.5524    0.5719
   -0.3850   -0.8352    0.3927
    0.7587   -0.0441    0.6500
   -0.5255    0.5482    0.6506
...   208 A-T ...
  -20.1569  -18.6321    2.7578
    0.2219   -0.6242    0.7491
    0.8317    0.5222    0.1888
   -0.5090    0.5811    0.6350
...   209 A-T ...
  -21.8961  -16.7229    4.9691
    0.7066   -0.1728    0.6862
    0.4866    0.8227   -0.2939
   -0.5137    0.5416    0.6654
...   210 A-T ...
  -23.4423  -14.8638    7.3593
    0.9187    0.2071    0.3362
    0.0320    0.8096   -0.5862
   -0.3936    0.5493    0.7371
...   211 A-T ...
  -24.4810  -12.9508    9.9711
    0.8439    0.5168   -0.1438
   -0.4916    0.6378   -0.5929
   -0.2147    0.5711    0.7923
...   212 A-T ...
  -25.2910  -11.1091   12.7119
    0.3065    0.8482   -0.4320
   -0.9153    0.1380   -0.3784
   -0.2614    0.5114    0.8186
...   213 A-T ...
  -26.1201   -9.6194   15.6536
   -0.4712    0.7726   -0.4254
   -0.8530   -0.5219   -0.0031
   -0.2244    0.3615    0.9050
...   214 A-T ...
  -26.9537   -8.3136   18.6802
   -0.7795    0.4432   -0.4427
   -0.5673   -0.7991    0.1989
   -0.2657    0.4062    0.8743
...   215 A-T ...
  -27.9044   -6.9654   21.6531
   -0.9512   -0.2094   -0.2267
    0.0954   -0.8981    0.4294
   -0.2935    0.3868    0.8742
...   216 A-T ...
  -28.8937   -5.6503   24.6283
   -0.7465   -0.6636    0.0473
    0.5996   -0.6403    0.4802
   -0.2884    0.3868    0.8759
...   217 A-T ...
  -29.7890   -4.0988   27.5182
   -0.3007   -0.8408    0.4501
    0.9239   -0.1397    0.3563
   -0.2367    0.5230    0.8188
...   218 A-T ...
  -30.6051   -2.3381   30.3099
    0.3144   -0.7613    0.5671
    0.9176    0.3969    0.0241
   -0.2434    0.5128    0.8233
...   219 A-T ...
  -31.2661   -0.7496   33.2424
    0.7527   -0.5417    0.3742
    0.6424    0.7288   -0.2371
   -0.1443    0.4188    0.8965
...   220 A-T ...
  -31.5623    0.6704   36.3175
    0.9995    0.0004    0.0324
    0.0131    0.9098   -0.4149
   -0.0297    0.4151    0.9093
...   221 A-T ...
  -31.3686    2.1342   39.3801
    0.8268    0.4381   -0.3528
   -0.5440    0.7824   -0.3032
    0.1432    0.4426    0.8852
...   222 A-T ...
  -30.9691    3.5564   42.4425
    0.3285    0.8553   -0.4007
   -0.9400    0.3373   -0.0509
    0.0916    0.3934    0.9148
...   223 A-T ...
  -30.6104    4.9767   45.5107
   -0.2174    0.8855   -0.4107
   -0.9688   -0.1443    0.2017
    0.1193    0.4417    0.8892
...   224 A-T ...
  -30.1063    6.2609   48.6182
   -0.6464    0.7521   -0.1288
   -0.7423   -0.5808    0.3341
    0.1764    0.3116    0.9337
...   225 A-T ...
  -29.6631    7.3916   51.7939
   -0.9642    0.2648   -0.0133
   -0.2514   -0.8975    0.3623
    0.0839    0.3527    0.9320
...   226 A-T ...
  -29.3615    8.5798   54.9652
   -0.9178   -0.3334    0.2156
    0.3858   -0.8769    0.2867
    0.0935    0.3463    0.9335
...   227 A-T ...
  -29.1197    9.6393   58.1869
   -0.5508   -0.7942    0.2566
    0.8332   -0.5411    0.1136
    0.0487    0.2764    0.9598
...   228 A-T ...
  -28.9918   10.5183   61.4688
    0.0186   -0.9706    0.2401
    0.9995    0.0117   -0.0302
    0.0266    0.2405    0.9703
...   229 A-T ...
  -28.9736   11.5600   64.7052
    0.4981   -0.8024    0.3288
    0.8670    0.4678   -0.1719
   -0.0159    0.3706    0.9286
...   230 A-T ...
  -28.9465   12.7746   67.8808
    0.9138   -0.3904    0.1119
    0.4049    0.8541   -0.3264
    0.0318    0.3435    0.9386
...   231 A-T ...
  -28.6349   13.9248   71.0651
    0.9675    0.1434   -0.2081
   -0.2026    0.9324   -0.2994
    0.1511    0.3319    0.9311
...   232 A-T ...
  -27.8901   15.1306   74.1556
    0.6736    0.5757   -0.4635
   -0.6816    0.7264   -0.0883
    0.2858    0.3754    0.8817
...   233 A-T ...
  -26.8875   16.5069   77.0985
    0.1252    0.8645   -0.4867
   -0.9445    0.2540    0.2082
    0.3036    0.4337    0.8484
...   234 A-T ...
  -25.9687   18.1934   79.9041
   -0.5253    0.7630   -0.3766
   -0.8177   -0.3302    0.4715
    0.2354    0.5556    0.7974
...   235 A-T ...
  -25.1965   20.1299   82.5900
   -0.8779    0.4677   -0.1032
   -0.4260   -0.6642    0.6143
    0.2188    0.5833    0.7823
...   236 A-T ...
  -24.2333   22.0228   85.2449
   -0.9154    0.0094    0.4025
    0.2050   -0.8495    0.4862
    0.3465    0.5275    0.7757
...   237 A-T ...
  -22.9324   23.8506   87.7997
   -0.5367   -0.4959    0.6827
    0.7329   -0.6748    0.0861
    0.4180    0.5465    0.7257
...   238 A-T ...
  -21.4973   25.6271   90.3185
   -0.0795   -0.8111    0.5795
    0.9013   -0.3068   -0.3058
    0.4258    0.4980    0.7554
...   239 A-T ...
  -20.0175   27.2503   92.9139
    0.4367   -0.8616    0.2585
    0.7822    0.2218   -0.5822
    0.4443    0.4565    0.7708
...   240 A-T ...
  -18.7204   29.0450   95.4939
    0.9113   -0.4072   -0.0611
    0.2649    0.6935   -0.6700
    0.3152    0.5944    0.7398
...   241 A-T ...
  -17.7121   31.1046   98.0041
    0.9361   -0.0017   -0.3518
   -0.2157    0.7871   -0.5778
    0.2778    0.6168    0.7365
...   242 A-T ...
  -16.6357   33.2440  100.4175
    0.6055    0.3982   -0.6891
   -0.7125    0.6570   -0.2465
    0.3546    0.6402    0.6815
...   243 A-T ...
  -15.3869   35.5381  102.5941
    0.0094    0.6421   -0.7666
   -0.9254    0.2960    0.2367
    0.3789    0.7072    0.5970
...   244 A-T ...
  -14.1178   37.9843  104.5856
   -0.4753    0.6785   -0.5602
   -0.7994   -0.0671    0.5970
    0.3675    0.7316    0.5743
...   245 A-T ...
  -13.2416   40.7706  106.3258
   -0.9213    0.2800   -0.2697
   -0.3620   -0.3646    0.8579
    0.1419    0.8881    0.4373
...   246 A-T ...
  -12.8640   43.8120  107.7981
   -0.9705   -0.0276    0.2395
    0.2274   -0.4349    0.8713
    0.0801    0.9001    0.4284
...   247 A-T ...
  -12.5886   46.8789  109.2396
   -0.6722   -0.2607    0.6930
    0.7358   -0.3388    0.5863
    0.0819    0.9040    0.4196
...   248 A-T ...
  -12.3583   49.8562  110.8651
   -0.1062   -0.5274    0.8430
    0.9929   -0.1017    0.0615
    0.0533    0.8435    0.5345
...   249 A-T ...
  -12.2079   52.7739  112.6044
    0.4137   -0.4574    0.7872
    0.9097    0.1743   -0.3768
    0.0351    0.8720    0.4882
...   250 A-T ...
  -12.4996   55.8860  113.9422
    0.8521    0.0250    0.5228
    0.4817    0.3530   -0.8021
   -0.2046    0.9353    0.2887
...   251 A-T ...
  -13.1175   59.0700  114.9620
    0.9772    0.1941   -0.0858
   -0.1408    0.2903   -0.9465
   -0.1588    0.9371    0.3110
...   252 A-T ...
  -14.0829   62.1043  116.1542
    0.6365    0.5561   -0.5344
   -0.6572    0.0284   -0.7532
   -0.4036    0.8306    0.3836
...   253 A-T ...
  -15.4832   64.9253  117.4353
    0.1760    0.4743   -0.8626
   -0.8903   -0.2972   -0.3451
   -0.4200    0.8287    0.3700
...   254 A-T ...
  -16.9868   67.8496  118.2996
   -0.3393   -0.0327   -0.9401
   -0.8217   -0.4762    0.3131
   -0.4579    0.8787    0.1347
...   255 A-T ...
  -18.6951   70.7861  118.4383
   -0.5837   -0.4209   -0.6944
   -0.6052   -0.3447    0.7176
   -0.5414    0.8391   -0.0536
...   256 A-T ...
  -20.7493   73.4793  118.1439
   -0.7284   -0.6732   -0.1271
   -0.1741    0.0025    0.9847
   -0.6626    0.7394   -0.1190
...   257 A-T ...
  -22.5786   76.3017  117.6463
   -0.8622   -0.3071    0.4029
    0.3106    0.3079    0.8993
   -0.4003    0.9005   -0.1701
...   258 A-T ...
  -23.6444   79.4279  116.8395
   -0.6147    0.1065    0.7815
    0.7566    0.3595    0.5462
   -0.2228    0.9271   -0.3015
...   259 A-T ...
  -24.3688   82.5462  115.6944
   -0.1164    0.3545    0.9278
    0.9722    0.2316    0.0334
   -0.2031    0.9059   -0.3716
...   260 A-T ...
  -25.0443   85.6161  114.3983
    0.5023    0.4333    0.7482
    0.8426   -0.0509   -0.5362
   -0.1943    0.8998   -0.3907
...   261 A-T ...
  -26.0168   88.4932  112.8698
    0.8168    0.5331    0.2206
    0.4396   -0.3275   -0.8364
   -0.3736    0.7801   -0.5018
...   262 A-T ...
  -27.4255   91.0856  111.1800
    0.8868    0.3247   -0.3288
   -0.0849   -0.5849   -0.8067
   -0.4542    0.7433   -0.4911
...   263 A-T ...
  -28.8725   93.6168  109.4310
    0.6696   -0.1657   -0.7240
   -0.6281   -0.6466   -0.4329
   -0.3964    0.7446   -0.5371
...   264 A-T ...
  -30.2869   96.1741  107.6933
    0.1669   -0.4608   -0.8716
   -0.8848   -0.4601    0.0739
   -0.4351    0.7589   -0.4845
...   265 A-T ...
  -31.7714   98.6234  105.8611
   -0.3511   -0.7329   -0.5827
   -0.8285   -0.0467    0.5580
   -0.4362    0.6787   -0.5909
...   266 A-T ...
  -33.3006  100.9126  103.8657
   -0.7063   -0.6753   -0.2125
   -0.5354    0.3131    0.7844
   -0.4632    0.6678   -0.5827
...   267 A-T ...
  -34.8324  103.1782  101.8457
   -0.8973   -0.2805    0.3408
    0.0568    0.6924    0.7193
   -0.4377    0.6647   -0.6054
...   268 A-T ...
  -36.3237  105.4377   99.7888
   -0.6165    0.2664    0.7409
    0.6533    0.6983    0.2925
   -0.4395    0.6643   -0.6046
...   269 A-T ...
  -37.9427  107.8245   97.9883
   -0.1015    0.4681    0.8778
    0.8548    0.4924   -0.1637
   -0.5089    0.7338   -0.4501
...   270 A-T ...
  -39.6701  110.2514   96.3493
    0.3790    0.7136    0.5892
    0.7745    0.1039   -0.6240
   -0.5065    0.6928   -0.5133
...   271 A-T ...
  -41.3132  112.6960   94.6510
    0.8286    0.5558    0.0679
    0.3201   -0.3706   -0.8719
   -0.4594    0.7442   -0.4850
...   272 A-T ...
  -42.9981  115.1422   92.9965
    0.8222    0.2818   -0.4946
   -0.2056   -0.6632   -0.7196
   -0.5308    0.6934   -0.4873
...   273 A-T ...
  -44.7665  117.4847   91.2803
    0.6012   -0.1512   -0.7846
   -0.6158   -0.7134   -0.3344
   -0.5092    0.6842   -0.5220
...   274 A-T ...
  -46.4370  119.7240   89.3426
    0.2106   -0.5977   -0.7735
   -0.8561   -0.4947    0.1492
   -0.4719    0.6308   -0.6159
...   275 A-T ...
  -48.0381  121.9023   87.2806
   -0.3642   -0.7587   -0.5401
   -0.8041   -0.0364    0.5933
   -0.4698    0.6504   -0.5969
...   276 A-T ...
  -49.7646  123.9529   85.1892
   -0.5922   -0.7857   -0.1789
   -0.5948    0.2764    0.7549
   -0.5437    0.5534   -0.6310
...   277 A-T ...
  -51.6210  125.7749   82.9996
   -0.8224   -0.4770    0.3100
   -0.1526    0.7100    0.6875
   -0.5481    0.5181   -0.6567
...   278 A-T ...
  -53.4541  127.5091   80.7210
   -0.7675    0.0589    0.6384
    0.3606    0.8629    0.3540
   -0.5300    0.5019   -0.6835
...   279 A-T ...
  -55.2470  129.2055   78.3827
   -0.4856    0.4932    0.7217
    0.6993    0.7146   -0.0179
   -0.5246    0.4960   -0.6920
...   280 A-T ...
  -56.9951  130.8259   75.9581
   -0.0875    0.8176    0.5691
    0.8597    0.3506   -0.3715
   -0.5032    0.4568   -0.7336
...   281 A-T ...
  -58.7264  132.3797   73.4786
    0.5149    0.8413    0.1647
    0.6852   -0.2885   -0.6688
   -0.5152    0.4572   -0.7250
...   282 A-T ...
  -60.2961  134.1093   71.0078
    0.8754    0.4649   -0.1325
